0.693360573988937
0.600140439024006
0.521177050576503
0.454426011479610
0.398159107694928
0.350919564116770
0.311484328001283
0.278832403579392
0.252118418037934
0.230650734434620
0.207929076990496
0.189309639836528
0.174310357478010
0.158050461623246
0.144601406566785
0.133614990306269
0.121363164639520
0.110972329370844
0.102173461164892
0.0947387534156654
0.0884757182438136
0.0832222028882867
0.0788421915025985
0.0752222836490741
0.0722687583071746
0.0699051473959287
0.0680702559789062
0.0667165779043017
0.0658090658433697
0.0653242239074423
0.0652494993235600
0.0655829574375986
0.0663332316321359
0.0658101673342149
0.0657098016784836
0.0660295361555452
0.0667776488315166
0.0662524753901970
0.0661614521434668
0.0647970701606120
0.0638291572860084
0.0632326538244072
0.0629921160374050
0.0614778460123482
0.0602741089077004
0.0593497394374509
0.0586808052646468
0.0582499873870805
0.0580461317393315
0.0580639604053328
0.0583039349803496
0.0587722685127101
0.0594810863629736
0.0604487401399219
0.0617002828315965
0.0632681174330685
0.0651928358767009
0.0658440814350652
0.0669189036881743
0.0667204564692749
0.0669682756821359
0.0659428312440245
0.0653435201763646
0.0634707539798853
0.0619601179769020
0.0607725011317992
0.0598771555136377
0.0592509002309232
0.0588775212546970
0.0587473516380044
0.0588570212310220
0.0592093694291851
0.0598135186831623
0.0606851106849451
0.0618467113392516
0.0633283950013830
0.0651685231205139
0.0674147374279475
0.0683877406989648
0.0698501771310429
0.0700396895394473
0.0707614047986294
0.0720340084358888
0.0738904487247734
0.0744744411324376
0.0737860544815039
0.0718252076457198
0.0704427915177046
0.0696030147270026
0.0692841350839633
0.0676922647079064
0.0665718213127846
0.0658937961200312
0.0656406347567984
0.0658057827628387
0.0646975301181918
0.0639831694448017
0.0636442056283997
0.0636718627456858
0.0640668568514506
0.0631882453737198
0.0626644498169870
0.0624819088809598
0.0626358964997618
0.0631303994809525
0.0639782207264048
0.0635524259444775
0.0618529649558504
0.0604737488843341
0.0593790692136462
0.0585405842017845
0.0579365850988189
0.0575514340997536
0.0573751594763454
0.0574031973990437
0.0576362737828475
0.0565949867462354
0.0557378132381690
0.0550425606550693
0.0544912285996606
0.0540695428389864
0.0537665857446239
0.0535745136189227
0.0534883536328792
0.0535058750645305
0.0536275315517525
0.0538564728348021
0.0541986263053023
0.0546628504678477
0.0552611642917231
0.0545848347936122
0.0540405750969164
0.0536142940769722
0.0532949551285515
0.0530742904252843
0.0529465868592212
0.0529085381279106
0.0529591591352077
0.0530997604796806
0.0533339823930934
0.0536678889841600
0.0541101252417917
0.0546721408614701
0.0553684866758797
0.0547902018144590
0.0543493037981957
0.0540343775818215
0.0538372695849922
0.0537528765940518
0.0537790136393443
0.0539163574186343
0.0541684638242081
0.0545418600021801
0.0550462133455341
0.0556945817851027
0.0565037518691103
0.0560384250677046
0.0557428021648363
0.0556092293517363
0.0556342483712484
0.0558185069762356
0.0561667757034723
0.0566880713846647
0.0573958905947158
0.0583085590899035
0.0594497062622104
0.0593167037259548
0.0594382811779397
0.0598175863112278
0.0604644395070206
0.0598372625798742
0.0594781431408595
0.0593777834265286
0.0595335850831678
0.0599495818824476
0.0606365441666643
0.0600494966104694
0.0597360013742936
0.0596879419301644
0.0583657608534391
0.0572735394322859
0.0563829995687435
0.0556710847902941
0.0551193633093252
0.0547135508108472
0.0544431406273418
0.0543011317218536
0.0542838474198444
0.0543908402228759
0.0546248802206826
0.0549920268157340
0.0555017855945614
0.0561673544386068
0.0570059652190302
0.0565701382997528
0.0563177815713694
0.0562423614056211
0.0563419251401314
0.0566190505264714
0.0570809124624532
0.0577394687581556
0.0586117697301702
0.0597203996364488
0.0610940613976112
0.0611937672344283
0.0615966510683652
0.0623131437394147
0.0633617955594250
0.0631367587084846
0.0632652047647238
0.0637504592536509
0.0646050856281502
0.0658512105467715
0.0675210967350051
0.0679177844196452
0.0687917378902601
0.0683926426014541
0.0684831073850987
0.0690654744173713
0.0701548214382779
0.0717793521251391
0.0721311861385789
0.0712103649449087
0.0708520559057142
0.0710469822431801
0.0699691256002382
0.0694216448756411
0.0693903655491042
0.0698744777875611
0.0708865154710541
0.0706257512604918
0.0690921544291889
0.0680662283434206
0.0675214113203868
0.0674435978078751
0.0660925766587077
0.0651715658546852
0.0646567200190216
0.0628683381165409
0.0614264895920673
0.0602938443496530
0.0594410776989331
0.0588461111346703
0.0584935407081790
0.0583742382127745
0.0584851148571453
0.0588290412849997
0.0594149219031443
0.0587266487148064
0.0582776787285990
0.0580563879113250
0.0580570469480115
0.0582796728992001
0.0587300296516737
0.0594197771403113
0.0603667732327828
0.0600397276931250
0.0599859815522610
0.0602041433009504
0.0606998612427923
0.0614859697341146
0.0625828214744360
0.0640188144404217
0.0658311271286554
0.0663700421531779
0.0656356230225441
0.0653193835065320
0.0637296860163161
0.0625088225860413
0.0616251845182827
0.0610558940301278
0.0607862119402611
0.0608091560577506
0.0611253204180180
0.0617428906556228
0.0626778559366965
0.0639544229295872
0.0656056425187792
0.0659834378712834
0.0650878535085262
0.0645962667636937
0.0644959502378661
0.0647843066902407
0.0654688017992964
0.0665671574454319
0.0663922021688741
0.0666550146742768
0.0656445266110204
0.0650524486778128
0.0648634517166222
0.0650726425111028
0.0640083462536385
0.0633200986927989
0.0629900807919022
0.0630097482427434
0.0633796102427020
0.0641092426848751
0.0635652745396182
0.0633858837675394
0.0635664258604027
0.0624733033968603
0.0617164866875779
0.0612763814132489
0.0611415930511168
0.0613086318734517
0.0617818225879745
0.0625734163115403
0.0637039077582209
0.0652025658525393
0.0671081915182725
0.0677405700202609
0.0688456261478425
0.0704519702939646
0.0707854613379215
0.0716704635946996
0.0731298901655801
0.0733167792242320
0.0741207164391557
0.0736522329096374
0.0719112734253002
0.0707509729283391
0.0701412907243437
0.0700664418698995
0.0705244884957796
0.0697096905646895
0.0676219520549530
0.0660038200978583
0.0648134005400660
0.0640198728914481
0.0619527341230750
0.0602084233409084
0.0587417795630927
0.0575148307325630
0.0564958105984115
0.0556583362783414
0.0549807251892478
0.0544454336805273
0.0540386028162665
0.0537496995662217
0.0535712440953589
0.0534986161129751
0.0535299352498839
0.0536660123703658
0.0539103705729360
0.0542693363985958
0.0547522036331944
0.0553714739225129
0.0561431804503041
0.0570873030399088
0.0582282854443932
0.0595956682067271
0.0612248534705486
0.0615800982259440
0.0622485232570895
0.0632474343857190
0.0629726433650042
0.0630470862320802
0.0634726903466607
0.0642604747877034
0.0637746764638916
0.0620152381258308
0.0605802460294012
0.0594325475925821
0.0585424283932010
0.0578868428498858
0.0574488175629000
0.0572170118624307
0.0571854241964864
0.0573532367459748
0.0577247942524011
0.0583097165039685
0.0591231473984060
0.0601861470220300
0.0615262369070653
0.0615924218002046
0.0619721060332559
0.0610779378203201
0.0604839487281943
0.0601747601150802
0.0601423669519452
0.0603859305644114
0.0609117569227138
0.0617334599039427
0.0612812823157789
0.0611345485276171
0.0612894595366136
0.0617500260568136
0.0625281723611284
0.0636440450020643
0.0651265344170930
0.0670140229162346
0.0676282531543180
0.0687122530839748
0.0702940879444682
0.0706030510966400
0.0696391789510233
0.0691971402579821
0.0692654904406851
0.0680608476952909
0.0673371747060827
0.0670757352591167
0.0655410448236271
0.0644220853293991
0.0636898864200060
0.0633254911395547
0.0633194651320999
0.0620397454646628
0.0610851065444713
0.0604308323459968
0.0600599834209667
0.0599629583256398
0.0601372450364561
0.0605873559150645
0.0613249445305009
0.0607886044334531
0.0605449524873798
0.0605876804346686
0.0609178945218769
0.0615441441373665
0.0608964908725174
0.0605443189868620
0.0604785105926577
0.0606973618829070
0.0612065390132681
0.0604417734771197
0.0599607164842126
0.0597509132562557
0.0598069318940695
0.0601302227447302
0.0607291559530676
0.0600540902342264
0.0596526957682748
0.0595145802734560
0.0596361678793578
0.0584836277511815
0.0575640989041730
0.0568537743295767
0.0563342634075834
0.0559921157713603
0.0558184730651465
0.0558088396039214
0.0559629659713856
0.0562848425692959
0.0567828029237916
0.0574697394513208
0.0583634372416846
0.0594870345287895
0.0593364865062593
0.0594410306577764
0.0582714240778195
0.0573293347331401
0.0565903715107901
0.0560354023261933
0.0556500587809587
0.0554243641587231
0.0553524751267087
0.0554325304448771
0.0556666027818427
0.0560607523732060
0.0551803528726129
0.0544474414001073
0.0538430425540799
0.0533515081789311
0.0529601122326149
0.0526587212995331
0.0524395322347626
0.0522968701372957
0.0522270414204549
0.0522282381890395
0.0523004914268910
0.0524456718028521
0.0526675381023907
0.0529718345404078
0.0533664394878421
0.0538615694425353
0.0544700435372345
0.0552076154381300
0.0560933812071092
0.0571502737141838
0.0584056563759763
0.0583867662881410
0.0585983796962353
0.0590459753653896
0.0597411417450520
0.0607018770015468
0.0619530549985612
0.0635270692872556
0.0654646717979937
0.0678160279189140
0.0688942202938421
0.0704749588118840
0.0707828469371830
0.0698179209524437
0.0693794561309513
0.0694561004242438
0.0700498381857280
0.0693706754537899
0.0692063945009451
0.0677691136551122
0.0668052494420142
0.0662898469896920
0.0662095622998837
0.0665623167661877
0.0656417597374084
0.0651395412051592
0.0650426585074921
0.0653486033084292
0.0660652966551449
0.0672112940570813
0.0688162658941156
0.0709217656002057
0.0717544675684234
0.0731637687512077
0.0751861565817933
0.0778739915779863
0.0792898481489051
0.0794338931528120
0.0803533611076208
0.0800011428280811
0.0804390338457939
0.0796052487258017
0.0774996892086861
0.0761194752435213
0.0754288724784722
0.0734660031335199
0.0721240454183576
0.0713682554527733
0.0711790654978035
0.0715515773421789
0.0706513656714449
0.0702991934173163
0.0704859426837547
0.0712164484925406
0.0725096239634926
0.0725301888236576
0.0712781454973381
0.0687533464321799
0.0667274462231884
0.0651479934148487
0.0639740952732275
0.0631753590546165
0.0627311051224986
0.0626298315471789
0.0628689163095793
0.0634545494205128
0.0627665047898720
0.0624223570285025
0.0624131959983885
0.0627387845149361
0.0617906109381643
0.0611610679060277
0.0608338562691237
0.0608005043731090
0.0610601487230529
0.0600458331534384
0.0593049750572927
0.0588183932884547
0.0585734900297616
0.0585639246275633
0.0587894494285450
0.0592559033705307
0.0599753631526152
0.0609664559078880
0.0606835777025427
0.0606906684599551
0.0609879117615062
0.0600111866318098
0.0593070219606666
0.0588571866124248
0.0586500341513556
0.0586802013067516
0.0574361280694902
0.0563979458819350
0.0555387757466193
0.0548363733677686
0.0542725532356432
0.0538327177980076
0.0535054795184422
0.0532823660545123
0.0531576008978867
0.0531279538239975
0.0531926572570409
0.0533533863978271
0.0536143025947773
0.0539821610842584
0.0544664858855821
0.0550798163828272
0.0558380319752683
0.0567607632003622
0.0564090278281846
0.0562365914245913
0.0562389895350659
0.0564162842480354
0.0567730658018153
0.0573185714287892
0.0580669245133212
0.0590375002471042
0.0602554272669256
0.0601992995328864
0.0604206025838874
0.0609250660548497
0.0601555536870801
0.0596623395056728
0.0594326539762289
0.0594605504389829
0.0597467511451182
0.0602986659580420
0.0595765311120413
0.0591157033007761
0.0589042514880234
0.0589367010922164
0.0576949405309328
0.0566657717891239
0.0558225492310722
0.0551434414509853
0.0546108660471987
0.0542110344060855
0.0539335947086261
0.0537713639177362
0.0537201418067550
0.0537786022126046
0.0539482587009985
0.0542335037535242
0.0546417224912581
0.0551834838783627
0.0558728143575955
0.0567275610010558
0.0577698535788578
0.0590266775077417
0.0590093018754043
0.0592385474616872
0.0597203495354943
0.0604671821667839
0.0599399849982341
0.0596835048471700
0.0596911013287773
0.0599629711187575
0.0605061530463544
0.0613347103333037
0.0624700946956285
0.0639417017380293
0.0657876320193473
0.0680556774952521
0.0690505874677037
0.0687724791862330
0.0672213198754452
0.0661293945736325
0.0654684328503166
0.0652213221121922
0.0653816645522536
0.0642685563605046
0.0635382338191946
0.0631717885539072
0.0631597331342988
0.0635017554397006
0.0642067105798549
0.0636380766204567
0.0634359049112163
0.0635949611372340
0.0641193633353367
0.0650226885104850
0.0663283241521757
0.0680700737468456
0.0685386895348241
0.0695006466169073
0.0691896384838611
0.0676056284836282
0.0664908024121846
0.0641026564190401
0.0620930008533236
0.0604098048409458
0.0590094896899664
0.0578558006196950
0.0569188681085375
0.0561744345575832
0.0556032262507813
0.0551904543530632
0.0549254320162778
0.0548012976945831
0.0548148374950568
0.0549664019694127
0.0552599151895041
0.0557029763414203
0.0548714462372946
0.0541794064322634
0.0536089397090347
0.0531452764303939
0.0527764121488499
0.0524927968040920
0.0522870874689634
0.0521539582377866
0.0520899623356410
0.0520934428799720
0.0521644899834399
0.0523049430878348
0.0525184385857287
0.0528105039704165
0.0531887009436645
0.0536628211948376
0.0542451399063388
0.0549507335676722
0.0557978703128068
0.0568084828867583
0.0580087364993940
0.0594297062482756
0.0611081816709245
0.0615127028353175
0.0622286593795209
0.0616707937124374
0.0614284564681249
0.0599122027091674
0.0586659466714394
0.0576574222338628
0.0568605182494810
0.0562546025222357
0.0558239876243647
0.0555575247443159
0.0554483150414615
0.0554935310262774
0.0556943433621751
0.0560559511687693
0.0565877166335174
0.0573034073994325
0.0582215530178942
0.0593659246878602
0.0607661506981305
0.0624584835224820
0.0644867384090500
0.0669034277755269
0.0697711207842140
0.0731640632775097
0.0771701000444054
0.0818929491537919
0.0874548872653129
0.0939999154241633
0.101697487316111
0.110746896493156
0.121382436173416
0.133879465199987
0.148561537200985
0.165808777536901
0.186067724914579
0.209862892473319
0.212037752842392
0.192648614125350
0.176966077730619
0.160023240813537
0.145942320823908
0.134358756495214
0.124972644205105
0.117540973341283
0.111871334646020
0.107816938657537
0.105272815265719
0.104173095984661
0.104489308595491
0.106229639983036
0.109439148098849
0.114200928532586
0.120638265892726
0.128917825701160
0.135931422549023
0.145183188458711
0.153170908262897
0.159895523308984
0.169478748619886
0.182168698151974
0.193598960284762
0.208760429625011
0.222665345374242
0.241054009939603
0.238629919190474
0.241102907159945
0.248537000602790
0.261124671498347
0.279191820229148
0.296010715639708
0.319212304053915
0.349397284893689
0.387347160706552
0.434044470619252
0.479511776440866
0.536112699168353
0.591495646441491
0.660911522714008
0.729124130947188
0.814932930727879
0.920559549953886
1.04873870868601
1.20278902223717
1.38669892156521
1.24441358820072
1.13306551910347
1.02056982484092
0.881670790850180
0.764317449132033
0.665471469585992
0.582573685934403
0.513477837761613
0.456395002900447
0.409847281418781
0.362066704227370
0.322379038901069
0.289756754171592
0.263355244606512
0.242490963406839
0.226623725072592
0.209502038319092
0.196523296520542
0.187351474290747
0.176920575447623
0.169789073024759
0.165772329260060
0.164766348874176
0.166745086589330
0.171759772802908
0.179940239966015
0.165725689188516
0.154520694258702
0.146035152884259
0.136285665808208
0.128783519309080
0.123334479483635
0.119797468271770
0.118080910885064
0.118140364890518
0.116932585821417
0.117471087499270
0.119769811970363
0.123888274232698
0.129933103100834
0.138060801876284
0.148481800290330
0.135693307797492
0.125136819470004
0.116539023138131
0.109677318040683
0.104374051586445
0.100491919853374
0.0979304127282372
0.0940992908075131
0.0914232854910573
0.0898331138146205
0.0892876055268381
0.0897726371767398
0.0889870926446772
0.0892243076386556
0.0904904237593343
0.0904860482890850
0.0915432409708838
0.0936893729927899
0.0969800086657067
0.101500344006782
0.107367412504701
0.114733115166890
0.123788153303257
0.134766965871782
0.147953799199486
0.137917471440675
0.130170732428818
0.124513015654891
0.120797840319675
0.118929018885009
0.118858166734322
0.120583449474736
0.124149535441202
0.126449096509464
0.127482403679256
0.130535131062379
0.135686315125133
0.143069322307657
0.152875301945532
0.139585540383827
0.128628554616666
0.119720663418669
0.112631237533284
0.107176728577832
0.103215916894611
0.100646255311865
0.0994012141500278
0.0968867315251867
0.0955995335823783
0.0955062941952853
0.0966045993551230
0.0989228846701202
0.102521171575258
0.107492621316567
0.113965946933435
0.122108745698659
0.132131838287201
0.144294727013165
0.133139719648566
0.124150602917517
0.117094644599604
0.111789162801179
0.108096796244530
0.105921947920624
0.105208310040394
0.105937406203745
0.108128113033500
0.109050406855189
0.111514908312241
0.115585424440209
0.118388406397919
0.119924184513337
0.123283697192671
0.128553923711074
0.132558144382584
0.138713198446608
0.143603443924706
0.150930490502335
0.156994168290183
0.165841338973260
0.173426898095048
0.158448805963914
0.146291867944878
0.136641335515248
0.125725750332954
0.116784104828954
0.109584895831862
0.103941732626790
0.0997085112128389
0.0967756316095585
0.0950671602622215
0.0920887366877228
0.0878400098815551
0.0845843441189818
0.0822374487689093
0.0807385616684186
0.0800488759656144
0.0801505353923151
0.0810461719550055
0.0827589740823189
0.0853332869818555
0.0888357607560177
0.0910675479391561
0.0943759585584019
0.0988466488334225
0.102047832290094
0.106609923618654
0.109903423022249
0.114761215027839
0.121309070026356
0.129716514889253
0.136858090915993
0.146261827859449
0.158171192642108
0.172894524002933
0.190813015526095
0.212390584909169
0.238185885001672
0.262728099261823
0.241246115185039
0.224728944300896
0.212748949724942
0.204995964080196
0.201269259128791
0.201472348824387
0.205610491249590
0.208491708867866
0.215489713562452
0.221231957706186
0.231420839622468
0.240355838455907
0.254232600822071
0.273410402257305
0.298385764552478
0.322115135512624
0.327130459676113
0.313561586011359
0.281057210357178
0.254548374817887
0.233348753877189
0.210895477055274
0.192621221935040
0.178052859941120
0.162224325501022
0.149314695048270
0.138989732521017
0.130982120057062
0.125084537016182
0.121144292355607
0.115937168631735
0.112450553861082
0.107696035478607
0.104448659454823
0.102624349783165
0.0995309784914316
0.0977333526091115
0.0971849308045574
0.0978715141935904
0.0998108787247531
0.100480850071337
0.102471159424091
0.105833336775577
0.110654430389843
0.117059260519794
0.122196730169312
0.129216771598340
0.138301136795173
0.149685024006558
0.163663167124595
0.176379441985537
0.192381103081726
0.212082440520833
0.230527615864618
0.253660097697416
0.282078796239619
0.316519484208783
0.306328656670400
0.302787658205261
0.305804810795998
0.315458229860804
0.331997846701549
0.330079284525560
0.335425465721089
0.322402210476302
0.316444935748708
0.317399405050757
0.325290330018499
0.340322010200453
0.362883622467832
0.367786702159128
0.380930786999349
0.376883588361931
0.371599649279158
0.348882839422805
0.308145010503729
0.274104036867488
0.245878582599083
0.222737878160219
0.204082800443135
0.189430361207062
0.178401202296358
0.166111911992278
0.152561042012204
0.141678889321836
0.133183710157667
0.126855560561545
0.122530601931615
0.120096859168839
0.119491321594122
0.120698311569939
0.123749078603282
0.125533273544143
0.126051106658323
0.128551303070692
0.133098593974825
0.139810710751091
0.148861433081315
0.160485088184499
0.174982617647519
0.192729368944676
0.214184813342154
0.239904441817897
0.270554146965802
0.306927463257878
0.342055794846294
0.307441162522377
0.279505162548910
0.257524519483274
0.234293069624162
0.215846415523702
0.201706965119714
0.191508641763944
0.184987406340809
0.181974421170846
0.182391678729863
0.181549275167601
0.179447111208804
0.180709756802678
0.180712543062462
0.179455470316926
0.176938390422283
0.177721168185084
0.177243734412180
0.175506032838568
0.177031104549904
0.181858434329261
0.190113003886976
0.202008527693101
0.217852986138002
0.238056599282404
0.257007111359847
0.281330495816524
0.285883901055124
0.296557811570468
0.287855984832271
0.285325721496491
0.288901511923706
0.298675934914970
0.314902054619878
0.337999972478047
0.368567703834563
0.407396660819634
0.429719547546744
0.450811920493006
0.482294858337871
0.524983468314664
0.566452791268601
0.569761482955075
0.586540396503349
0.602107277449402
0.606209232415923
0.624725057653414
0.658134136094706
0.690339619183705
0.739137145594764
0.805790104943265
0.892024171927758
0.948526795182080
0.950988257882752
0.976790072838917
0.897737286411541
0.817509141621382
0.757165515528097
0.715144084869653
0.671925777425145
0.644822770767016
0.633133356024143
0.636554889062030
0.655175954889501
0.689478661164172
0.637260740912202
0.600260628267188
0.577520373891412
0.568451222505990
0.572818369758679
0.590734883029287
0.607439858013363
0.622935263376048
0.637222925234324
0.666727415634890
0.686440024112438
0.696871118848302
0.698290765515861
0.698511549250176
0.638218166754786
0.593167380045836
0.562192804261235
0.544492493888603
0.525575195610546
0.518984116605191
0.498776016094217
0.477345540038181
0.466992596067106
0.467449141865567
0.466679620278269
0.450938890563698
0.445592013059418
0.439016492327747
0.442526147624827
0.444806798386432
0.457322538769414
0.480397406848470
0.514628821198388
0.535130453512881
0.542433100151284
0.536725829876035
0.517860878927207
0.485349825351699
0.438350943544203
0.401420006412227
0.373600855602696
0.354173240955147
0.333506209470730
0.320192645965298
0.313887856372219
0.314428606889297
0.321828897788992
0.336280325885451
0.332384450251075
0.335812999751486
0.346654741056085
0.365190371657510
0.382487883780698
0.408407021168733
0.433093133116190
0.456549128855903
0.478777772654148
0.499781684133447
0.532444009424985
0.563887926910416
0.608649997283818
0.590571345967724
0.586501693100495
0.570563078749487
0.568115439931148
0.553322811374590
0.537314235556805
0.533935807964415
0.543100059608928
0.565044257032689
0.600336545245199
0.649890657250753
0.714989571003082
0.778891589758707
0.861678301653306
0.888175306953801
0.936386409332984
0.981787220813919
1.02602257913055
1.09554096158172
1.16390729663227
1.26112655234675
1.35721327475916
1.48715769539818
1.65432413298420
1.82040437520402
2.00656194399689
2.21761654143240
2.45903246470770
2.73706007921778
3.01412909769890
3.36795410041530
3.80769577371463
4.31896662987592
4.91500369824597
5.27619491046452
5.46343685693858
5.65004150813703
5.82701151681904
5.71543017207760
5.60324122921296
5.58329634310270
5.57776134734521
5.57160252933867
5.56481916327259
5.55741044973509
5.66683180854721
5.92168880206634
6.25126200651302
6.58029076008294
6.94954203193478
6.41498989318453
5.86483537027856
5.36215250290422
4.89392660853039
4.47380770576665
4.09091872976785
3.78689170464861
3.57962783061638
3.37150465631547
3.22361748325158
3.07482905445993
3.00436815872305
2.93298016894564
2.86065667212607
2.70648012143566
2.55134137090145
2.39522213757619
2.27406251779697
2.21049823005226
2.14591329149668
2.08406065500181
1.99756633354185
1.90996354556532
1.84475681082447
1.80025789801896
1.80108730536297
1.80084781323508
1.84595191442427
1.80870440004648
1.79123129469230
1.77268812834043
1.77298689375126
1.76636273127766
1.77841673322871
1.78368838824787
1.78788909334945
1.75978010030896
1.72440624964316
1.73239688628584
1.73931052835792
1.74514799062541
1.74990996102637
1.75359700075479
1.80140428929450
1.89456957856341
1.98667698515015
2.07773736381894
2.16776144594327
2.25675984077031
2.32558780919726
2.37602733787210
2.46092951821057
2.60826510015649
2.75462690771750
2.90003218948125
3.11923943589101
3.16019807168092
3.02396853410854
2.88681421238161
2.77157444637502
2.64949303258327
2.46586403939358
2.31902360993750
2.17117531928047
2.02230174364562
1.87238533843698
1.74389207000483
1.65926778542078
1.61632152439890
1.61394138918354
1.65206575701591
1.68910366333365
1.69127427288811
1.60708859409067
1.56322999643562
1.51827446806237
1.38248360961207
1.25543211475867
1.15960315872947
1.09251568732400
1.05243277613311
1.01254406598073
0.946044225642551
0.902756734371806
0.855788264990968
0.807639493597828
0.779119711333744
0.769490528378700
0.778502640912103
0.780616781712197
0.801660281637222
0.790632776608996
0.798793949258652
0.826355095968541
0.852732471996921
0.899906314377832
0.969097974826520
1.03632626132326
1.10333174404297
1.16918609749983
1.16093966285235
1.18146931551527
1.20553398248732
1.18221151904773
1.15774722224575
1.13213820898968
1.10878700580319
1.08428531625058
1.08657509895308
1.11571563740026
1.14370650601457
1.20002728785706
1.20881836851995
1.21647075141052
1.22856435132255
1.23952158050633
1.28128941772171
1.35494925081204
1.43663557072972
1.52846327254834
1.45240165251523
1.38688960523737
1.33023099473866
1.27244799482504
1.22055548760637
1.16752566582401
1.11766985107378
1.09546984900189
1.07211779114946
1.07524218292720
1.10492391622546
1.13345470789612
1.13850479956049
1.17175012996652
1.23405143547165
1.32702172452539
1.40152284954099
1.48525627252472
1.55461729414328
1.63717429684436
1.76083731288379
1.88342668602901
2.00495686331213
2.17711510780349
2.34824876731827
2.55312587897619
2.64241523322816
2.74729154516104
2.92201529867035
3.09580225293936
3.26867288858171
3.44064757823163
3.64887581523718
3.89874872106877
4.14779993470164
4.47718577886190
4.89543419922908
4.61442339373970
4.29696533312956
3.97873250975270
3.71068449141651
3.43433620633169
3.14253287474987
2.87926476854654
2.66348835442643
2.51538968008160
2.37958921547138
2.27834362111694
2.15748641401398
2.03560230871262
1.96513969480168
1.91850166911910
1.92025334729861
1.92095016960138
1.92059221814766
1.91917945075265
1.88885615083954
1.85747429492086
1.82135692743069
1.83111414332606
1.83545337162512
1.78294176724284
1.72376497106850
1.66351016306054
1.64504321565538
1.62548897913705
1.62096562308125
1.63135603578916
1.68270182447468
1.64746938031532
1.62783689895904
1.60711510074226
1.60094847512063
1.63494996023559
1.68422727481185
1.73242191807600
1.74687079341596
1.76024437992095
1.71481993957051
1.71251179270879
1.75326018038897
1.83812009645228
1.94351600697094
2.04785980309399
2.15239725294536
2.25590720484539
2.35840185733747
2.41758504553087
2.25458088472391
2.09056126820296
1.90206827047667
1.76153950862774
1.61379144101370
1.50654399422339
1.43702048426116
1.37764832178495
1.32689033515731
1.30920497239383
1.32413435160364
1.32051981140765
1.34981295939058
1.41277220815055
1.51102760058188
1.59557782276988
1.69438451230450
1.78423322341501
1.89322277392321
2.04994754647785
2.23269262017772
2.42041675127231
2.66952539045838
2.98646807096032
3.32790538980813
3.72844990553321
4.12815265952181
4.63345396217068
5.23166369364870
5.86095198494428
6.58915657883058
7.20317766208852
7.92509327159512
8.79936671768666
9.84863332788604
11.1258316752306
12.4030600348206
14.0001279674609
12.8914454876604
11.7830010959071
10.6746641631483
9.84141786725798
9.00396314369507
8.06330013353869
7.30434579177502
6.54497110399761
5.87644968256454
5.22992802154450
4.71753036228350
4.27444531234862
3.88920120315108
3.55182389372814
3.27935113062753
3.06472847308518
2.90239924524606
2.78816067135972
2.59019208996832
2.45800357553551
2.31085492430826
2.22225417684892
2.13263416400592
2.07117524553512
2.03628622276059
2.00129120858355
2.01682935618775
2.00598517066162
1.99425048604764
2.03286667578270
2.12283353015808
2.26648033096079
2.40911307838832
2.50974729753627
2.51944326336927
2.59308757764142
2.70681432951676
2.86356795507403
3.09317947006325
3.40159361851135
3.59061462106950
3.58781853093622
3.58416410580082
3.54316115016629
3.51529326894404
3.48655850569152
3.49526594408216
3.49009583392870
3.49668691360034
3.50240891850072
3.52021090445064
3.62787155721484
3.67354268997802
3.65840674863709
3.64242079104432
3.62558293327031
3.59824149163804
3.43082561000965
3.32518157543647
3.30434681179416
3.29046411335723
3.36049183534975
3.41315264730955
3.46493454006821
3.32164542706020
3.21152884290108
3.13173382035539
3.05102671368413
2.94494050763726
2.83792020406182
2.77732116344615
2.73580185491845
2.69332380208342
2.69352334718739
2.65908787209517
2.56335323225709
2.46663952521554
2.43250705439704
2.35698173572021
2.34119856443026
2.38474890721766
2.43721511215358
2.44841036293561
2.49594229402362
2.58104152820835
2.66516377973710
2.66237157964969
2.72722820554208
2.68100466053169
2.70291236023441
2.72385743963589
2.71095286195649
2.76695490121680
2.89331347506694
2.99020968379983
3.08617712993044
3.26076591582567
3.31231546410917
3.21638782064756
3.12513494507424
3.06196685475740
3.07679328943640
3.11845292245280
3.15919890620363
3.17736641665065
3.09610803425520
3.06795551232841
3.03888339006697
3.03566296202420
3.00666566025660
3.00268592138424
3.02362070820159
3.07001203163019
3.11728838880623
3.11512859596745
3.08924932993380
3.03898056502310
3.04033860504929
3.04077379011643
3.11865480233008
3.27599801566066
3.46533192609882
3.65379306661239
3.83248099613969
4.01033942388940
4.16188318926405
4.31680842242186
4.58221658566995
4.96497921414411
5.47500620216843
5.99663940073696
6.51769814141266
7.03824383044228
7.55833781360959
8.16974898215431
8.78084179157814
9.39168825855069
10.1928633572059
11.2051098664153
12.4288627027282
13.3288082842365
12.4334361021258
11.5382480321181
10.7601010049109
9.82112250046091
8.88202024959240
8.06850590982783
7.25466127954908
6.60158929885404
6.01506385987824
5.53144474833368
5.13821085078846
4.74786338266919
4.42761385923364
4.19494347300764
3.99228309479874
3.89170354192120
3.79030146658296
3.78575082258118
3.64598043837889
3.50535857349647
3.40266565235648
3.30947031483869
3.21538383926237
3.20326392249797
3.19024035135874
3.23275976815504
3.22883264019430
3.22400487110659
3.21827589194372
3.21164502755153
3.28688392247699
3.36122901755988
3.44399888340070
3.46001868411166
3.35815798981125
3.23886996118130
3.20215655748303
3.24706725240105
3.32321961412697
3.40681266628655
3.50001067009981
3.63099915806290
3.72585169581523
3.81279665247138
3.89890978756997
4.00736848718798
4.19252598482534
4.38185830582218
4.57042586860313
4.75825089566524
4.93912502028525
5.06618596419109
5.16849598642671
5.24870393887389
5.41197682028193
5.57460634190120
5.82873855033371
5.87168190345031
5.70454822372151
5.53680566344944
5.43381451883299
5.23827273453451
5.04820802623920
4.85869953429758
4.79370377382709
4.82576538092816
4.90416925520595
5.08249049739290
5.18493775987900
5.03375528404497
4.88188487539615
4.72930863615858
4.59480476135102
4.55220867040912
4.50886789686996
4.45211958437201
4.27740411465578
4.10906100074994
3.89118657509180
3.77277554100230
3.65352796890751
3.57604551196087
3.49770333257365
3.43131930452786
3.37517471587587
3.37936114793187
3.46975958409551
3.59716529036686
3.73910426220889
3.89925136259619
4.10752546584790
4.29200109648309
4.48322700526643
4.73769930547545
5.01046120826729
5.30857464035911
5.66553048562813
5.98748011006424
6.30885419719436
6.68919578434312
7.06904453067017
7.57908763175915
8.08874276488262
8.75499269260131
9.56931432641417
10.3834825384691
11.3878847814628
12.3923479193922
13.5875103148892
15.0816330372419
16.6556736386759
18.2303959386470
20.1985123400023
22.4305700861250
25.1132211167454
28.2901478628084
31.6570134454741
35.0263286194368
38.7342127445406
38.9592301743505
37.2277898041262
34.0105157705779
30.9508752737914
27.9438802685993
25.4013576212947
23.1801625077016
21.1454694160997
19.3219170237840
17.8169283189076
16.5142206915291
15.3800664630252
14.3077840926266
13.2180665242454
12.3404264345711
11.7294591166269
11.3178011657679
10.9061958505610
10.5437222770314
10.1436780590446
9.74354810748626
9.34328526744561
8.97746231527062
8.73969831163842
8.59806484615785
8.57466756036537
8.55099963469728
8.52705827991260
8.54219692885511
8.62258012268041
8.77028901795136
8.80873969980945
8.53274691494563
8.37329919954227
8.37781357111539
8.36599874503748
8.41486661466536
8.55145498564756
8.65043721744814
8.84323897805705
9.16062458543896
9.48194831974750
9.78975680025373
10.0974378379254
10.6394922719220
11.1815194035518
10.9808560865437
10.7802056965502
10.5996525124153
10.4602945268871
10.3208881207189
10.1814168650062
9.84035914802988
9.67547375637196
9.39899319109031
9.02953184246161
8.73793235591168
8.54241768613574
8.41215327674664
8.18913095547765
7.94489435989994
7.69889269097619
7.45251717299189
7.21740131258800
7.09054823505594
7.04290106310432
6.94436321622567
6.86970129028017
6.84275484968559
6.96591661839942
7.19083011964195
7.52331846377864
7.94621732678370
8.34161277382642
8.66819657887823
8.99452076635496
9.32062379323279
9.52594442345634
9.77043406816017
10.1377404571995
10.6631459108157
11.3087082197496
11.9543220927412
12.5215685920904
13.0509065762293
13.7622215990183
14.7254751117156
15.6891828510015
16.6534583888607
17.5579388980298
18.6579951336491
19.8274724709760
21.4059203350868
23.4084328468935
25.4124228630973
27.5833913281383
29.9260003894355
32.1658575026455
34.4082241739125
37.0504745823529
39.6958101960446
42.6975193319790
45.9271368133374
49.4682788700391
47.4333852442275
45.6974684444865
44.6279463315133
43.5624024211918
42.5007111402474
41.9453312962732
41.7272482897319
41.2222735792159
40.7208757162539
40.2229956116138
40.3013188521210
40.3393309856513
40.5699695165547
40.8703428046760
41.1742514656646
41.4817313148496
41.7928185884211
42.4630266725491
43.3808445778949
44.6215802069936
43.1504179728385
41.7642542620230
40.8395621979403
39.8369491963481
38.8377497832293
37.8418462039409
37.0512258170739
36.1619205669545
35.2755958068924
34.3921470844088
33.5114702859630
32.6334616246830
31.9805243364453
31.3300747649379
30.6820362553353
30.0023650913790
29.3250094746238
28.6498286248516
28.2254440958718
27.9377780046204
27.6521231965230
27.0244365869402
26.3992834184006
25.7759602229804
25.4836631888804
25.4375068317168
25.6362961429183
25.8368255099584
26.0391185650207
26.3730703091432
26.8473269011914
27.4999396496274
28.4251227725904
29.3523746117962
30.1620230769531
30.9739449503013
31.7882359160146
32.9603505549514
34.7268161938332
37.2106851964686
39.6976582850143
42.1880285467401
44.6820894692695
46.6049445099176
46.0476600330567
45.4184316089477
45.2679653203850
45.1215526600664
45.0080816956796
44.8472968291502
44.7381256481899
45.2189661536062
46.2764949246690
48.0154096350482
50.3518685842574
53.2948185417973
56.6627278400092
57.6304899311324
56.9190206652317
56.8552059155069
56.7968103386397
57.2024970346432
57.6136438314115
58.4842484878767
56.6152769929925
54.8448714646691
53.9003731625403
53.6284656323097
53.6355201451050
51.9372295445707
49.5720733156116
47.5097203064242
45.9029560408412
44.6586354893022
43.4182967571005
42.5276179970090
41.3449968650586
40.2779488871563
39.2215299331448
38.5607503645117
37.9032339856078
37.2489033087906
37.0422302178458
36.8386413605623
36.8401348718914
36.6859330920828
36.9648133493855
37.2467687168500
37.9247812150226
38.4751803972534
38.9637615322744
38.8877223061878
38.5285925726594
38.1605728464781
37.7957691495089
37.4341384900034
37.4476434529734
37.3727269812168
37.6713561607178
37.9731437157392
38.2781252116372
38.5863365901754
38.8978141737527
39.6738677824790
40.4533157606982
41.2479330889923
41.7947942196740
41.6183783286132
41.6677039382853
42.2017740587744
42.1004218306256
42.1084284493295
41.9682752616417
41.8567418030413
41.7488599634362
42.1020512053400
42.8481420223078
43.7744956833679
44.3896439996098
44.2971519168925
43.9069862912022
43.4152263198571
42.9273016333340
42.8794152165240
43.1156916999466
43.6680209814348
43.7002074822904
44.0635801542300
44.4308645188371
45.5090684168966
46.9910632932374
47.0595918261810
46.9792853958431
46.0264321782523
45.0777219734571
44.4185446168272
43.7633207850663
43.5955527247037
43.4316412004486
43.3857817885204
43.3437541914062
43.3401854885016
42.9626217674538
43.0002381752498
43.2993730484868
43.4038644151037
43.9349598785349
44.8806371412321
43.3273043981929
41.7777965784671
40.2319310741196
38.5666401979832
36.8418992094658
35.1202188458024
33.5333575343805
31.8598225678790
30.4686469003380
29.4526753503945
28.7082861792752
28.2162068209788
27.7059711743661
27.5251853395271
27.3463621642118
27.3330427949047
27.3216634413165
27.3122227624036
27.3047196455901
27.1008258640717
26.7210351121732
26.5936485506429
26.4681148679685
26.7430727271862
27.3740957196695
28.0070635659184
28.6422329069779
29.1156403952682
28.9756360540759
28.3474580829551
27.7213396753700
27.3477511924234
26.9592943143269
26.5727334060700
26.5378274704565
26.5047678352402
26.5896501605321
26.9750802511161
27.5679466838316
28.1627808154552
27.9391249964770
27.7674569022269
27.6175593747387
27.4696353929634
27.3236675242076
27.1796385663047
26.8359805390438
26.5157493369234
26.1973618333140
25.9889574123944
25.7562774171354
25.6479332280919
25.7899827402026
25.4902436183522
25.1922273401977
24.8235351977257
24.4003941825541
23.8860763911922
23.7054000196340
23.7248243023559
23.8417617633923
23.9046043966135
23.9689830075482
24.0349051831512
24.1023786922828
24.4060034045267
24.8763225139857
25.3482921171579
25.8219678351844
26.4216801135028
27.0856379847075
27.4444426905155
27.7393371973403
28.0362196012711
28.1814227938118
28.3333417189533
28.5732274095393
28.5207016903255
28.4702559512289
28.4340039633691
28.6687330948465
29.0001124233426
29.2047681533879
28.7725470163531
28.2592557011179
27.7031500573710
27.4248759957893
27.2110481188996
26.7726317850903
26.4590925283307
26.1473902931343
25.6608788122988
25.1931428461991
24.8351628823476
24.8869417983993
24.9632312512308
24.8598256501063
24.8060011314662
24.7745915598185
24.8678741066755
25.2428994674708
25.6516512670763
25.8469863228305
25.5762359978589
25.2962971527743
25.0180582949875
24.7414866343356
24.5887499909762
24.8393924884019
25.0617692602371
24.9523666020068
24.8176231681278
24.3190066586891
23.8219749638523
23.6569250744158
23.7938111806774
23.9526787817042
24.1130880259625
24.0975642256801
24.0345684368555
23.9224696705619
24.1191819674102
24.5524805116195
25.2335835948035
25.6131281921119
25.8040312608775
25.9966941528938
25.8302380456121
25.9962133765725
26.1639711792449
25.5388067472023
24.7488491662403
23.9605270563860
23.2242753841248
22.3921692928255
21.7261637294691
21.3894236781528
21.0539231930386
20.7725576659709
20.6411327978466
20.5531555612401
20.4290304020002
20.3060316275847
20.3466675407468
20.4488998440497
20.5380575927474
20.7968572842374
21.1031363833075
21.5936875658412
22.4358469885579
23.2793692974115
23.8480554293840
24.3112644897139
24.6552165717348
24.7599537734169
24.9632315200024
25.6053564951724
26.6771810046976
27.7508682372941
28.3562172472558
29.0501252802400
29.4381964061284
29.6851135274964
30.1065405759944
30.5302344941173
30.0420973191798
29.4026688075650
28.3892131127848
27.3878529341872
26.4242078019665
25.7825996537641
25.4464169698779
25.2523202625236
24.9117857388313
24.5190871881171
24.2186930395154
24.0028259551987
24.1751681783455
24.4309105878053
24.9570826317750
25.7930797328062
26.6308353664616
27.0743450086403
27.3412720793400
28.0570697144633
28.9052264998570
29.5726578585026
30.2570520482014
31.1307639071536
31.4947815683048
31.3585296104563
31.5174308492372
32.1044622823341
32.5935979229282
33.0852935303571
33.5818052860511
34.1217606945355
34.3840957083641
34.6492016973836
34.9171099040709
35.2630333927218
36.0051994137750
36.8020066474705
37.9060381400660
37.3871605508823
36.7267504081394
36.0623449690664
35.4009082851752
34.8557852328729
33.9489556277034
33.3012561191458
32.6561999742276
32.3914394772078
32.4228020768700
32.6737819803856
32.9273313003492
33.1834799172851
33.6789401249622
34.1770882059575
34.6779828665212
35.9207891691210
37.4222320242118
38.9268038957931
37.7524457817509
36.1109687783115
34.4495536188561
33.3437278031419
32.6359980359512
32.2564956898704
31.8795135834673
31.5276746370006
31.2176421788163
30.8125263568968
30.6368822754201
30.4635675638156
30.2925617971173
30.2344752783866
30.2878041218716
30.1446578972094
29.9817386488289
29.8721461095275
29.8388154746422
29.8808837992444
29.7417143027710
29.6047686815177
29.2021187118062
28.7810655553672
28.6915242865455
28.6476780991726
28.3133480633982
27.6541056313961
27.0394716462689
26.4267430797940
25.8783911886516
25.5348544679098
25.3614660045887
25.1733285307092
24.9868765524069
24.9306128452825
24.8760060299305
24.7425362401928
24.7844738321469
25.1317675627345
25.4325926933424
25.2308310134389
24.9336203406298
24.9456272757495
25.1382997095979
25.4650808273701
25.7935818234251
26.1700666688857
26.3465567753198
26.6368926877123
26.7135475990707
26.7920695192643
26.8724677020253
26.8483744046898
26.5645302722026
26.2197672125284
25.8309317518588
25.4910471468169
25.0624506600516
24.7659990916513
24.6455623685739
24.5267489443592
24.2427123403686
23.9922794813890
23.7431939547472
23.3343712567154
23.1418157084380
23.1089967716866
23.2092921548095
22.9298466534587
22.6518222556113
22.5723935109595
22.3286876466350
22.3267565267042
22.3861419899073
22.5341541470576
22.7230799089551
23.1382188111415
23.4552752514227
23.7738147164304
24.0938747457235
24.5467754279095
25.0012877670235
25.4574653268748
25.6178807982530
25.9248215207869
26.1542809726383
26.6472436934832
27.3907001121134
28.2492630762746
28.9358900243403
29.0302239208645
29.0759316034242
29.1237846993899
29.5377954285229
30.2771375227267
31.1032269287629
32.0374514679715
33.2586341972363
31.9891792443940
30.7992519337679
29.9415430621297
29.0860816153444
28.5442564625136
28.3535846996042
28.0194504485532
27.6620657993799
27.2206327152785
26.8899030563234
26.6613140848608
26.7093556946840
26.7592638193274
26.8110443404207
26.7825156981439
26.7558621925013
27.1113775399071
26.8789075874246
26.4647951019057
25.7294555532064
24.9958670390926
24.2639431068918
23.6177177833095
23.2208681716213
23.0115744696335
22.7524646171619
22.4947549638975
22.2384151390099
21.9380143202588
21.7404105660208
21.4085344740561
20.8049306509811
20.2747878533426
19.8301530436540
19.3865740416987
19.0312793727327
18.7292977052728
18.6016735740053
18.6193301387208
18.5765437771859
18.4464341366885
18.0967696468255
17.7504506921106
17.3469657314685
17.0047313342896
16.8952950638437
16.7323250235605
16.5700457150969
16.5519925453272
16.5746077304147
16.5978950605040
16.6218572799791
16.8687048470113
17.2675109702046
17.4162394000314
17.6022393245287
17.8045537694628
18.0076853073004
18.2116578768878
18.4164955161835
18.6222223650968
18.8288626683383
19.0578027199536
19.4438328535676
19.8308732674818
20.3692463081446
21.1759810717849
21.9369205468549
22.2594042770325
22.3321896729047
22.3375693444033
22.5076359269436
22.6148391664840
22.8165901713727
23.1438849594746
23.3732439847744
23.5879232386693
23.8041011497246
24.1971625362892
24.9834646906559
26.2091379193753
27.4366187127737
28.6660517281900
29.5539314069822
30.4440128309876
31.5540250166902
32.9127066722455
33.2150597382378
32.2627315112419
31.3454681264046
30.4652938224220
29.4705575218546
28.4901406293111
27.6790678800422
27.0936580250498
26.5101599745217
25.9285049638099
25.3486244454419
24.5990268739616
23.8510471171827
22.7914869863577
21.8568207061571
21.2548027050995
20.8152109010719
20.1916203345637
19.4967489431448
19.0734225255110
19.0137713521112
19.2904784327632
19.8849352417818
20.4804543145599
21.0771058324242
21.3161310001036
21.4614442334172
21.7745337046422
22.3150506287847
22.6073099273595
22.4784701596121
22.1829215549510
21.6872396340078
21.0559087563113
20.4014464593349
20.0677247511670
19.7350868483091
19.1389401022580
18.5437677051901
17.9494995166412
17.3547639742071
16.7699357055629
16.4118266006354
16.0907568920263
15.3345072358366
14.5787835800546
13.8641862129223
13.1464412966451
12.6646920449587
12.3806931611215
12.0809110294599
11.9122197264358
11.7436511106901
11.6716689197944
11.6686369080558
11.7602491701648
11.9488775882545
12.1620880513197
12.4827184573299
12.8675248801698
13.3006975340743
13.8449966409508
14.2052432084255
14.4938545592887
14.6667577798689
14.4191582734874
14.1719768945684
14.1357975623767
14.1808206038654
14.3597568752015
14.8061020899353
15.4540945393258
16.1143302769330
16.5461771508735
16.9786928192982
17.4113791124064
17.9069836599947
18.4525652889329
18.9990403782762
19.4949034079901
19.9272198971642
20.2814101167544
20.6367093242624
20.9322512583335
21.3303231996924
21.6865958386763
21.8814302579429
21.9456434018958
21.8808977773303
21.8174496386892
21.7552915086833
21.7654270736851
21.8481187479771
21.9321040452193
21.9640978184404
21.7387476420917
21.3533094793677
21.0813027081406
20.9672301420197
20.6988672538581
20.3981289834488
20.0572290835083
19.8477496680430
19.7127220323877
19.6228776563098
19.6274356186747
19.5976509530664
19.5327525212786
19.4052874792923
19.2119557006029
18.8962065500212
18.5814031425179
18.3340378360809
18.0703884487001
17.6032208170092
17.0493027377675
16.5489285949709
16.1149160748113
15.6815215254534
15.4724392084614
15.1214395624085
14.8771609988596
14.7590516322092
14.6414004491021
14.6180419228039
14.7141438855254
14.8106987394547
14.9028390788122
15.2249038112105
15.5790505769766
15.9229032034234
15.8787752654145
15.8578857881061
15.8596939336498
15.6780657572189
15.4970040692276
15.3164875317290
15.1961967655907
15.0041544154053
14.9415691780296
14.8794636337101
14.6600883595463
14.4323992012260
14.3709093491021
14.3451638295327
14.4833590536644
14.7117551727464
14.8558572999459
14.7389881395811
14.6931656298263
14.8202937848478
14.9478873407212
15.2550264195080
15.7496629882627
16.2448744831121
16.6954851254299
17.2162518039904
17.7948848044200
18.3690474074548
18.8247419636204
19.5345829346430
20.3880854441906
21.5104374303129
22.3121548084526
21.9892713632320
20.9715616108472
19.9800818437089
19.2211155640546
18.6492402032493
18.0782814807942
17.5359622214688
16.8793785648988
16.3234846221520
15.8796606471697
15.4364269183679
15.0049790552448
14.6772370604058
14.3499436073456
14.0230601248593
13.6965480900740
13.3625482807431
13.1412762676545
12.9202717849135
12.6974539843984
12.5959169884263
12.4945832527655
12.5865956928318
12.7454735774368
12.9753303255495
13.2563444355516
13.5957914874846
13.9355596339250
14.1451651466891
14.2042622107121
14.2690164441042
14.3341711108920
14.3310285616722
14.3282937539165
14.3086547524062
14.3231482843249
14.3463769988091
14.2243067287023
14.0568673997864
13.7366335543039
13.7449934973169
13.6955747492489
13.5870978367910
13.4789409943032
13.3710914756191
13.5050539143515
13.6393267542717
14.0223562820414
14.0455170265188
13.9413619830112
13.8375687591420
13.7814840380902
13.9778365200335
14.3543920734327
14.7920369146162
15.2301438266277
15.7262410331159
16.4735808747096
17.3884219322913
18.3040310420020
19.2205161075842
20.4529395458475
20.3322180886982
20.2126116072475
20.4346292912500
20.6577740198757
21.0021150131248
21.5796577913568
22.1584625546632
23.0519526436505
24.1028527495533
25.3899163320791
25.5547459185827
25.3747868647147
25.1965370480559
25.1796763006775
25.0144969525180
25.1864017385357
25.2101620483158
24.0039440646393
22.7478302249257
21.3835265895083
20.0818914903849
19.0154057756447
18.1049124672108
17.3268384892558
16.7383569455829
16.4015495723224
16.3592414667418
16.5330194687430
16.3861582768382
16.4303074858188
16.2800212161602
16.3179974118142
16.4936741037333
16.8889174238802
17.3335522335269
17.5813643770355
17.9738135534264
18.3670997697911
18.7612693745730
19.4594872502884
20.1587172511830
21.1981760687908
22.6563209428484
24.3904957275093
26.4713715724764
28.8755054924281
31.8455497452302
34.7883126294757
37.0068057377793
39.0996913324858
40.7861114178023
42.2385911323314
43.2370098722702
44.3999868227469
45.3968156456299
46.3048498712509
47.3022344775806
48.1312936517416
48.8392646984849
49.2125239491235
49.4669160097757
49.4543916349474
49.4464142544949
49.5060333715852
49.5702055689918
49.6278614915505
49.6289486871326
49.3930871399231
49.0688058587688
48.1838023506479
47.3031960992017
46.4268833258716
45.0760833476151
43.1385055690629
41.2047304640474
39.1767161951511
36.8473210040560
34.5685973325252
32.6681369355746
30.9163278864200
29.5255410194743
28.1369525519074
27.0374270056489
26.0438616074147
25.2593954821230
24.6379458588887
24.1634231311359
23.7977691000084
23.8407879581824
24.0358675348428
24.2076503630377
24.3863565712922
24.8085662959744
25.3821203549705
25.9672327485431
26.7594604599242
27.6504516420737
28.6375018573269
29.5915307049115
30.5477657287491
31.2369384213597
31.8315273385183
32.4757896252449
33.1225979952207
33.9040513167055
34.3249298666691
34.3961303775544
34.3772222103475
34.0615350656948
33.5439860425853
33.0173563256374
32.5195564273634
31.7541995445354
30.6241524633287
29.4964332517894
28.1002048394291
26.7060068520560
25.3136749848568
23.8795841815730
22.3923777896570
20.9065291610910
19.6771801521925
18.6982749663529
17.8413789345798
17.1100792331557
16.4854421882568
15.9255230747409
15.4415979330844
14.9582114123679
14.5000021404596
14.2355150396673
14.0548120422924
13.6954887193823
13.4832857632533
13.2713906429522
13.1183180175603
13.0458773636924
13.0779657554760
13.2154139756237
13.3531384631798
13.4911554488332
13.3844135999634
13.2105574864520
12.9908584911551
12.8227188888544
12.8821936343427
12.7842336329319
12.7324834152438
12.7771483347996
12.9451573810067
13.1134108451538
13.4910322060361
13.8689623156465
14.2696411263432
14.6518972007404
15.1544902923231
15.4811616214953
15.8723222072930
16.2865541812514
16.7014243533878
17.1169816157356
17.5362898610914
17.9702051660092
18.4041891954917
18.6690698249593
18.9348694296746
19.2016193338526
19.4693509736947
19.8017374832215
20.3620200655621
21.0616143061756
21.7897700363296
22.7715202896096
23.8003296624253
24.0781114519017
24.2305998274442
24.5452413237465
24.3600946835723
24.1085004901126
23.8612626424800
23.7150704223463
23.7434566326899
23.7733598296487
23.8047835372792
23.6265194655140
23.4497585994339
23.2345263644585
22.9237051128902
22.6143042410378
22.3062872863286
21.9559665777713
21.1934558293246
20.3856022215413
19.4857174711594
18.4189579729970
17.5958389620745
16.7630961685617
15.8991695119439
15.0358354006252
14.2512334472294
13.6281403382685
13.2277417010517
12.9623532527145
12.6962409944719
12.4225151618550
12.1489721543120
11.8755797350936
11.5733264572724
11.3117046337984
11.1870311388152
10.8094891979733
10.5301204102755
10.2507114308498
9.95191822094636
9.72909527099785
9.70533657002690
9.67384623619143
9.64221479958658
9.49812710019789
9.35387758971810
9.27011480183838
9.19312489118659
9.19823233924492
9.36288716455764
9.38208121583895
9.33362922004802
9.29359451796345
9.28671318817776
9.39012485445809
9.55496170113303
9.81126402210150
9.93371424488762
9.92548266009502
9.96676431203339
9.87821983730055
9.78955834500859
9.79843613825676
9.80718751151838
9.63043605430195
9.44401375658719
9.39772963131083
9.23265941376178
9.20225531087851
9.33150274181158
9.34024943686396
9.38335742078586
9.35885239911768
9.39496290010916
9.41530605618263
9.47195375029804
9.52843654879740
9.58476110815705
9.64093406613893
9.48152722331630
9.46322979321816
9.44476643940223
9.46337036603733
9.44220545258699
9.48381410932235
9.43463803391884
9.37072182041150
9.34195583930736
9.31300964247718
9.34349207895749
9.53728273182106
9.77053595302483
10.1523811512125
10.6153866835947
11.2488577533542
12.1207403971970
13.2020628541419
14.4950484476951
16.0074005538737
17.5203579602261
19.1506003214760
20.5279738187070
21.8170022371894
22.8964235259047
23.6395488121393
24.1429357237325
24.6478867001574
24.7330248589166
24.5809626284190
24.3166260241251
23.6754453058227
23.0357735591521
22.3984573767421
21.6181333857727
20.6745986518263
19.7753779951967
18.9745079784488
18.2770263162446
17.7937378729014
17.3112652478096
16.8118011003512
16.3339592717383
15.6849600612406
14.9510909704931
14.3195325616142
13.7997061019123
13.3266078640058
13.0426246934535
12.8888589502917
12.7582391919347
12.6216110200513
12.4851891364931
12.5676428056312
12.5618356517710
12.2098913769525
11.6573335565784
11.1218095768661
10.6409996738595
10.3055458451106
9.97002535871387
9.76248912377005
9.55482223252386
9.34700021161287
9.22525944977098
9.10332471965095
9.03538978713668
8.96723851040523
8.87224591445082
8.77372519367927
8.64335300801902
8.60661693786338
8.71411105966737
8.86552806467209
9.14210599079943
9.39636999439784
9.65046019493091
9.81808020443433
10.0839779430915
10.3261746472516
10.5683071248807
10.9281410395614
11.2603570821680
11.5220112838374
11.7456505827767
11.8082021256293
11.8659209685033
11.9976192622724
12.2067067342448
12.3955063725782
12.5946788785181
12.7836083218323
13.1475943333615
13.6960606724839
14.4432073761246
15.3826058092316
16.4354870348773
17.4890240102822
16.7003174847522
15.9561195124360
15.2629350724788
14.6285899070925
13.9946875503565
13.5929697354232
13.4388084045226
13.2704863042507
13.2640536644024
13.3420261566814
13.4202898374646
13.6900940534546
13.9006982074088
13.9802371498763
13.7245894208312
13.4692779650274
13.1490494206614
12.9360210922906
12.5927242286180
12.2496302489775
11.9646775290038
11.8851240851837
11.8542746746951
11.8971031874020
12.0920362569660
12.2871132050043
12.5928470527150
12.6821096524736
12.8149380007535
12.9479954207482
13.0812975931585
13.0880925033388
13.3293724019581
13.6052033741806
13.8813565500539
13.3816288799719
13.0208956061258
12.6351816150615
12.3433635744359
12.2152039701510
12.2731572879783
12.3640883961457
12.5676693258097
12.7714501868444
12.9754549945801
13.2563929867784
13.5376120757043
13.9103188454170
14.2552998655134
14.6006797025023
14.9877527284937
15.4523130307039
15.9548430917487
16.7660795864929
16.1029441503453
15.3399880327514
14.5090031508446
13.5627023423831
12.7085388128245
11.8545918159635
11.1774213325060
10.5048595491817
9.92258392220301
9.46706426683297
9.10073438216633
8.73419585406158
8.54096318749120
8.54180609776658
8.54237449550621
8.54266844764133
8.54268798883841
8.50487440941789
8.46678196507062
8.42840616664025
8.55541919901624
8.68215932313024
8.85199508580464
8.70850728290800
8.55725208928946
8.40572420343317
8.25390576788333
8.10832270148386
8.04252357848503
7.97639110297651
7.70312826023492
7.42949206760789
7.21806459200342
7.16646226149472
7.19603128440321
7.22516719653168
7.25967657445379
7.32622547610558
7.32344650279913
7.30281289531686
7.31533563003945
7.32743931390604
7.29601914442543
7.22026163948796
7.14407387929100
7.04538744810934
7.05051028450023
7.08225723653252
7.14145024688023
7.20020371413705
7.34100211598724
7.41285521666658
7.52071370408162
7.59005229789432
7.59689361028424
7.64450514509030
7.65680180164608
7.65987454068035
7.66256883238922
7.73350630201351
7.80407400172050
7.94654851099133
8.26770893733809
8.46659912889713
8.65145882033962
8.82707411107523
9.02376435371696
9.22023688209692
9.55105390030894
9.88171534478002
10.1318938966962
10.3338393846249
10.5357215493284
10.7255985219454
10.6506603534767
10.7728735681944
10.9149941566608
11.0571199103952
11.1992675787910
11.2177265822201
10.8294762895481
10.4368262454668
10.0811557556468
9.77902894811568
9.57416881538081
9.46127143762796
9.30855087761711
9.34400648559654
9.46546584373479
9.80493656282660
10.1442816279647
10.5130321374141
10.9465078003737
11.5074766836853
12.2104625207459
12.7901673839556
13.5193260375034
14.4168167226629
15.4285580871526
16.6065171585708
18.0069644150974
19.6403854626176
21.6006154868636
24.0157234978544
22.8246225428018
21.2438214359942
19.8767074061147
18.6363400742981
17.2844250214873
15.9921413253612
14.8806667563937
14.0243151240668
13.1689617511457
12.3138791712750
11.6216916634690
11.0744781858996
10.6322985439829
10.3867948898265
10.3316110248451
10.3880004298900
10.3770148878877
10.3241425731424
10.2280145979665
10.1634599508519
10.1288072833386
10.0940671297365
10.1132049396320
10.0836258201334
10.0539538899633
10.0241856523365
9.91762314161970
10.0150059501658
10.0353568190340
10.0565204258007
10.0775880275186
9.99747137256958
9.86564139482551
9.73023014726410
9.66504955706957
9.61686688017453
9.56853638553396
9.56047763018157
9.54093677972126
9.52123916324102
9.51481614516403
9.62459180992438
9.73422056734352
9.68222994250890
9.64768203878169
9.68122758525953
9.55178173766072
9.41062865441366
9.25411381960974
9.18127537392074
9.08713711843607
8.94348917709844
8.79961406115583
8.59878515980358
8.49043849257462
8.52331410577922
8.56940018956907
8.61521501272440
8.67661966173387
8.78097652501899
8.85366966364753
8.84503594558819
8.98680519342131
9.12801230695826
9.29808579588613
9.46797389905496
9.46934937555287
9.53420119047387
9.68998098083545
9.96649454941366
10.1904927914850
10.4144108170490
10.4943198877919
10.6900148332138
10.8856884302858
10.8980094694948
10.7788421376204
10.7828270877332
10.8585223023040
10.9305697796039
10.9750622659731
10.9416065020037
10.9066540875492
10.8950726839302
10.8550172538098
10.8149599207306
10.7748959639670
10.7348206620275
10.6363497427974
10.4511611556919
10.4579588289521
10.5796009729319
10.7419191722621
10.7687077534179
10.8152958536280
10.7024814956949
10.6335246243825
10.6581851053384
10.7771014093214
10.8960066280438
11.0380071901446
11.2325521479666
11.4846783568936
11.1565986058794
10.8285524930248
10.7022634696925
10.5759545415297
10.3613642869289
10.2591176274650
10.0861591880326
9.94110137714734
9.92327896297398
10.0322305152985
10.1410832000734
10.2019407359876
10.3452417257445
10.5231511059287
10.6114120552854
10.6996423930335
10.7878525170562
10.7932674472393
10.7675725681955
10.7101026280605
10.5162793253390
10.3224141997278
10.1284844044121
10.0408688407299
9.95420872360057
9.91780557372587
9.90494430262789
9.76065635736255
9.68738681751679
9.61397777066424
9.63356215034614
9.64355662557528
9.72153774220828
9.79938337647627
9.82038710180434
9.86241049840095
9.90431501433467
10.0467299169250
10.0871616326222
10.2070651202477
10.3268903443957
10.4293036439387
10.5316648705977
10.6339860875370
10.8814817938651
11.0743790046990
11.2434445092365
11.4446006781087
11.7088281285772
11.9398774473668
12.2983661727569
12.6570230923894
13.0070510687566
13.2801946970831
13.4835257871420
13.7511716450269
13.5230646549845
13.0510249739800
12.7094202073489
12.4378608664653
12.1262257801658
11.9210821467274
11.8428913012470
11.6319028997337
11.5146077123963
11.5910592939036
11.5024206822326
11.4138564634701
11.2587045708640
11.1102658374841
10.9618552819708
10.8134554142357
10.7633313867335
10.8359580610241
10.9301253945935
11.0740440163341
11.2456674485109
11.3721213133776
11.3793617732639
11.5510748297629
11.4535720983345
11.2647373537383
11.1085445545662
10.9523797303826
10.7949971793979
10.6376056521360
10.5997097315666
10.6545556806588
10.7004731061215
10.7463704157424
10.8372615156030
10.9281486200075
10.9656454537972
11.0795858006182
11.0409662733938
10.8487869953985
10.6527079286959
10.3187895251642
9.98480602473438
9.85650723825573
9.90479885819559
9.82166003846651
9.83689163134147
9.77047982579644
9.62070519079150
9.40946258930840
9.36323620999446
9.40351144693056
9.35092288016962
9.10101858915752
8.87928179412370
8.65731025773778
8.52933619621861
8.41472851985085
8.41361036433328
8.47440759045569
8.57292167062433
8.55706760913335
8.63261569587073
8.72420411987678
8.85997674088642
9.09499396195475
9.35802269882095
9.57855509772960
9.65921046111064
9.73972299689122
9.82010219341922
9.92149368482116
10.0227732584463
10.0987671811442
10.1514429693001
10.2079370172604
10.2439393861586
10.2861547881202
10.4903117675798
10.8874686341302
11.3848175761060
11.9436899885368
11.7796048870600
11.5068563111789
11.2341826508923
11.0191324560840
10.7272750077421
10.5314621506932
10.4523967979281
10.3732820938032
10.0717758095122
9.82357035655482
9.57524144565032
9.47044825025617
9.35184205915972
9.29366988988325
9.19133525985869
9.17105165424543
9.15497613694853
9.14269250577456
9.26274570610265
9.46669877891218
9.65674178057707
9.63161425015598
9.60634063998817
9.69963532244549
9.81082335905218
9.92188643548968
10.0823696408178
10.2427598874503
10.4351052242293
10.5870677728664
10.7389968409431
11.0645917682324
11.4691919725675
11.8738626538521
12.1723102360882
12.4238068492855
12.5833186627175
12.4745673443428
12.4297810068022
12.4735727068878
12.2978050932523
11.9752452488584
11.8325856887599
11.6900394311262
11.4622834045329
11.4784646368144
11.5328213088727
11.5494429545302
11.3998969415212
11.2607196209148
11.1798528197427
10.9747946969174
10.6660088014439
10.4259086931831
10.0678699100285
9.70973645939503
9.42130307544161
9.13269882674234
8.89885488432154
8.76526211434759
8.67691655107829
8.63153088870917
8.60215747745330
8.48494544740319
8.35417791151741
8.23224183508155
8.10999476424407
8.04180233242844
8.00012641250754
8.03543318603799
8.07131897661296
8.03139509884043
7.86308271614811
7.84552268925516
8.00403297605436
8.21385450416567
8.42336287092628
8.63258276674423
8.80629695761236
8.97477557588947
9.24547098698656
9.65116421012245
9.89308768501149
10.2094582712327
10.5311491591255
10.9180342582551
11.3285850058502
11.7391896599791
12.2978104196305
12.8385020605170
13.4010359239255
13.9638679301890
13.8302731310792
13.6668801633907
13.2890505467380
13.0993636218999
12.8867275515420
12.6743290132658
12.5568399689435
12.4796733854609
12.3635136012634
12.3599887569110
12.3566393689658
12.3626565646378
12.3266509422096
12.3765532741621
12.2817022007201
12.1942775543590
12.2408788462867
12.3969400097923
12.5376385636535
12.7439350401682
12.5572638400945
12.2305179114753
11.9356458206974
11.7423309830405
11.5940232019219
11.4458006089098
11.3864529591140
11.1309451724721
10.9046153924073
10.7273764352451
10.7235024798079
10.8671206328979
11.0846314477172
11.1754856173423
11.2663756508291
11.3126322616362
11.3412256487434
11.4302138920571
11.5192680187537
11.6083985237601
11.6102055404184
11.6120996522543
11.6556290736938
11.8707837748038
12.1084986374172
12.3749282048251
12.6254252671128
12.9695656837143
13.1069882648772
13.2732042956522
13.2921090190380
13.4219178349625
13.6917641460071
13.9024536344737
14.2140767135653
14.5260937514754
14.8263277253645
15.1270278111952
15.5603662565951
15.9942573196651
16.3512863458190
16.5633791905187
16.6102544368061
16.6735338694156
16.7374971053393
16.8469314915176
17.1077607120334
17.3463295874376
17.3884066080427
17.4154893304070
16.9643722314317
16.5388275856379
16.1278378532010
15.8496253016735
15.5938965053439
15.3798031269872
15.2018021940457
15.1068303729827
15.0123577208386
15.0733271635323
15.2913172269875
15.6461991758396
15.9152077080129
15.9764445996780
15.6253145425512
15.2747447571754
14.9246939292885
14.8824511105845
14.9149692625893
14.6880465619127
14.2473530688768
13.9422953606527
13.5587945993873
13.2415573489855
13.1627783600639
12.9853742768668
12.8082193511429
12.6312927053528
12.5223887296226
12.4136793489523
12.4962215060194
12.5789551744268
12.6768112813055
12.7748801818091
12.8731734332955
13.0199791593570
13.0386900617723
13.0576564048329
13.3103197322234
13.5454956614915
13.7692730017708
13.9874454477616
14.2314341757975
13.9147864813437
13.8024820597636
13.9947036789053
14.0840665247665
14.1244294307452
14.0137470310306
13.8780166833489
13.7426406901236
13.6076030974456
13.4728879912728
13.3764396409351
13.2384431714728
13.1584161722245
13.2373770879520
13.3166168594803
13.4558500526866
13.7359992612525
13.9581369139771
14.1280142532263
14.1984842891410
14.2744619014745
14.2290512102423
14.2157120814426
14.4402799175513
14.6652683702773
14.8907039542619
14.9333882304805
14.8459715034653
14.6261905152549
14.6549439608475
14.6841433210439
14.8602871594932
14.9817551599957
15.1032373725510
15.2021064307588
14.8427879865723
14.6087488066805
14.5970198922142
14.6268894125756
14.5444951340650
14.3219312373869
14.0997740100912
13.9578864907096
13.9699129328714
13.9823045593899
14.0461519627649
13.9053822325406
13.7367589415210
13.4585985735427
13.2956527864888
13.2694754364530
13.2435807249132
13.2179656001913
13.1926270436087
13.1675620690037
13.1427677225100
13.1182410821433
13.0939792574481
13.0699793892083
13.0462386490464
13.0227542391514
12.9995233919130
12.9765433695950
12.9538114640227
12.9313249962636
12.9090813163154
12.8870778027781
12.8653118625614
12.8437809305708
12.8224824694085
12.8014139690723
12.7805729466571
12.7599569460770
12.7395635377500
12.7193903183377
12.6994349104430
12.6796949623462
12.6601681477095
12.6408521653191
12.6217447388065
12.6028436163806
12.5841465705620
12.5656513979269
12.5473559188337
12.5292579771785
12.5113554401399
12.4936461979189
12.4761281635009
12.4587992724041
12.4416574824343
12.4247007734505
12.4079271471187
12.3913346266884
12.3749212567459
12.3586851029900
12.3426242520095
12.3267368110464
12.3110209077838
12.2954746901178
12.2800963259419
12.2648840029342
12.2498359283333
12.2349503287407
12.2202254499056
12.2056595565115
12.1912509319872
12.1769978782872
12.1628987157061
12.1489517826709
12.1351554355499
12.1215080484552
12.1080080130591
12.0946537383945
12.0814436506741
12.0683761931026
12.0554498256926
12.0426630250857
12.0300142843690
12.0175021129015
12.0051250361379
11.9928815954502
11.9807703479627
11.9687898663771
11.9569387388042
11.9452155686014
11.9336189742057
11.9221475889697
11.9108000610017
11.8995750530073
11.8884712421317
11.8774873198001
11.8666219915689
11.8558739769709
11.8452420093625
11.8347248357786
11.8243212167794
11.8140299263086
11.8038497515497
11.7937794927773
11.7838179632233
11.7739639889308
11.7642164086190
11.7545740735454
11.7450358473703
11.7356006060236
11.7262672375712
11.7170346420856
11.7079017315147
11.6988674295540
11.6899306715200
11.6810904042251
11.6723455858522
11.6636951858343
11.6551381847295
11.6466735741041
11.6383003564128
11.6300175448794
11.6218241633835
11.6137192463435
11.6057018386024
11.5977709953178
11.5899257818473
11.5821652736399
11.5744885561288
11.5668947246191
11.5593828841866
11.5519521495680
11.5446016450584
11.5373305044089
11.5301378707227
11.5230228963547
11.5159847428130
11.5090225806582
11.5021355894063
11.4953229574322
11.4885838818746
11.4819175685397
11.4753232318095
11.4688000945482
11.4623473880101
11.4559643517507
11.4496502335358
11.4434042892524
11.4372257828227
11.4311139861155
11.4250681788622
11.4190876485704
11.4131716904404
11.4073196072828
11.4015307094354
11.3958043146823
11.3901397481737
11.3845363423464
11.3789934368442
11.3735103784419
11.3680865209660
11.3627212252207
11.3574138589113
11.3521637965699
11.3469704194820
11.3418331156135
11.3367512795382
11.3317243123668
11.3267516216763
11.3218326214402
11.3169667319592
11.3121533797931
11.3073919976934
11.3026820245359
11.2980229052549
11.2934140907782
11.2888550379612
11.2843452095246
11.2798840739895
11.2754711056155
11.2711057843388
11.2667875957106
11.2625160308368
11.2582905863178
11.2541107641892
11.2499760718632
11.2458860220705
11.2418401328028
11.2378379272562
11.2338789337748
11.2299626857950
11.2260887217913
11.2222565852208
11.2184658244699
11.2147159928015
11.2110066483016
11.2073373538276
11.2037076769571
11.2001171899363
11.1965654696298
11.1930520974709
11.1895766594124
11.1861387458772
11.1827379517109
11.1793738761333
11.1760461226914
11.1727542992130
11.1694980177597
11.1662768945822
11.1630905500745
11.1599386087288
11.1568206990923
11.1537364537225
11.1506855091439
11.1476675058059
11.1446820880400
11.1417289040175
11.1388076057088
11.1359178488419
11.1330592928618
11.1302316008904
11.1274344396872
11.1246674796095
11.1219303945740
11.1192228620179
11.1165445628612
11.1138951814691
11.1112744056146
11.1086819264419
11.1061174384299
11.1035806393565
11.1010712302623
11.0985889154162
11.0961334022796
11.0937044014729
11.0913016267407
11.0889247949186
11.0865736258992
11.0842478425997
11.0819471709289
11.0796713397550
11.0774200808734
11.0751931289757
11.0729902216177
11.0708110991892
11.0686555048826
11.0665231846635
11.0644138872401
11.0623273640335
11.0602633691494
11.0582216593480
11.0562019940157
11.0542041351372
11.0522278472668
11.0502728975009
11.0483390554506
11.0464260932147
11.0445337853523
11.0426619088572
11.0408102431303
11.0389785699548
11.0371666734699
11.0353743401454
11.0336013587565
11.0318475203593
11.0301126182657
11.0283964480192
11.0266988073708
11.0250194962554
11.0233583167678
11.0217150731396
11.0200895717163
11.0184816209342
11.0168910312979
11.0153176153580
11.0137611876890
11.0122215648676
11.0106985654506
11.0091920099541
11.0077017208323
11.0062275224558
11.0047692410920
11.0033267048839
11.0018997438300
11.0004881897644
10.9990918763369
10.9977106389933
10.9963443149563
10.9949927432059
10.9936557644608
10.9923332211593
10.9910249574411
10.9897308191285
10.9884506537088
10.9871843103157
10.9859316397119
10.9846924942715
10.9834667279624
10.9822541963292
10.9810547564764
10.9798682670512
10.9786945882270
10.9775335816870
10.9763851106076
10.9752490396427
10.9741252349076
10.9730135639629
10.9719138957993
10.9708261008221
10.9697500508358
10.9686856190289
10.9676326799592
10.9665911095389
10.9655607850200
10.9645415849798
10.9635333893065
10.9625360791854
10.9615495370844
10.9605736467406
10.9596082931463
10.9586533625354
10.9577087423705
10.9567743213289
10.9558499892902
10.9549356373226
10.9540311576708
10.9531364437427
10.9522513900972
10.9513758924316
10.9505098475694
10.9496531534481
10.9488057091071
10.9479674146761
10.9471381713627
10.9463178814416
10.9455064482424
10.9447037761386
10.9439097705359
10.9431243378617
10.9423473855536
10.9415788220484
10.9408185567717
10.9400665001271
10.9393225634854
10.9385866591744
10.9378587004686
10.9371386015788
10.9364262776420
10.9357216447116
10.9350246197473
10.9343351206054
10.9336530660291
10.9329783756390
10.9323109699235
10.9316507702296
10.9309976987532
10.9303516785307
10.9297126334293
10.9290804881379
10.9284551681591
10.9278365997995
10.9272247101614
10.9266194271342
10.9260206793859
10.9254283963548
10.9248425082408
10.9242629459976
10.9236896413245
10.9231225266580
10.9225615351643
10.9220066007310
10.9214576579598
10.9209146421582
10.9203774893323
10.9198461361794
10.9193205200798
10.9188005790904
10.9182862519366
10.9177774780054
10.9172741973384