22.5139901228338
8.73046783284786
3.63541425518986
1.75210360583799
1.05614579047494
0.799448555722336
0.706085389163263
0.675699257496092
0.675627793537046
0.705794179936049
0.798624577415808
1.05390334028834
1.74603225087333
1.74616295332947
1.05429574732796
0.799700491424403
0.708710112007736
0.683518109213367
0.697045338699468
0.763832359341848
0.955669230343858
1.47876338833652
1.30924655311708
1.85105092585872
3.68656763019828
4.83453532083308
9.41057599901279
5.17164190562346
4.72314015415009
3.58946600768252
4.54552696746168
5.40115011996181
4.93081848949038
7.99205562032319
7.14924120777766
9.00474835266232
15.5530808747965
19.8890806425516
32.0366465275673
48.9640590964085
92.0846219106382
65.0909363384894
58.0277614810203
49.3587891531142
46.9275325542144
66.3551076073702
62.0221259704964
63.5947832897582
77.0540154846180
89.9939130891416
102.444144266496
96.6751526500049
116.898815541640
177.345434308842
164.935187055719
213.276778521334
261.411362378183
469.710553268721
430.305553689353
483.763996557088
824.843964659934
954.573459664009
1101.42731619656
1250.11048688060
1175.83268679350
1175.24070947588
1086.80559604473
991.376810871478
897.525019742685
805.035042419861
764.145434154810
817.785555764974
915.279353581988
911.504024048971
838.870423977029
778.051346657943
736.609732028046
696.160990030267
650.349356428063
735.494273056500
630.161124762842
527.894847709032
575.123963616713
540.517115235405
556.348620280595
611.747870289923
667.853713843194
724.794788536474
879.017115338496
970.220125320170
846.518982020621
596.977885333442
576.553341089840
548.767280327586
538.455675324259
528.682621978801
519.425712962343
380.261007325079
361.685279430466
343.242809959680
324.891314637372
273.220995096475
283.929968645962
279.502162931208
275.019188947567
280.144908865616
301.461629611424
322.773530016936
328.869911549723
326.303837768585
323.789901028693
321.322337460217
318.168616765681
316.301859832580
351.257085473899
382.306944221041
425.665369151274
419.604404500972
408.022082738438
403.138650655066
398.483519894546
394.046017329226
389.815968802070
385.783675799713
381.939893216020
378.275808155223
374.783019726000
371.453519780207
368.279674552056
365.254207155669
362.370180900890
359.620983389064